1024.000000,768.000000,1.000000,1.000000,1.000000
170
2
2
2
2
2
2
2
2
2
2
2
2
2
2
2
3
3
3
2
2
2
2
2
2
2
2
2
2
2
2
2
2
2
2
2
2
2
2
2
2
2
2
2
2
2
2
2
2
2
2
2
2
2
2
2
2
2
2
2
2
1
1
1
1
1
1
1
1
1
1
1
1
2
2
2
2
2
2
2
2
2
1
2
2
2
2
2
2
2
2
2
2
2
2
2
2
2
2
2
2
2
2
2
2
1
1
1
1
1
4
2
2
2
2
2
2
2
2
2
2
2
2
2
2
2
2
2
2
2
2
2
2
2
2
2
1
2
2
2
2
2
2
2
2
2
2
2
2
2
2
2
2
2
2
2
2
2
2
2
2
2
2
2
2
2
2
2
2
2
2
147
172.000000,200.000000,170.000000,659.000000,0.000000,0.000000,0.000000,3.000000
176.000000,204.000000,20.000000,373.000000,0.000000,0.000000,0.000000,3.000000
21.000000,365.000000,24.000000,706.000000,0.000000,0.000000,0.000000,3.000000
172.000000,653.000000,18.000000,703.000000,0.000000,0.000000,0.000000,3.000000
16.000000,699.000000,736.000000,721.000000,0.000000,0.000000,0.000000,3.000000
709.000000,726.000000,972.000000,664.000000,0.000000,0.000000,0.000000,3.000000
161.000000,423.000000,711.000000,478.000000,0.000000,0.000000,0.000000,3.000000
713.000000,732.000000,708.000000,472.000000,0.000000,0.000000,0.000000,3.000000
965.000000,673.000000,964.000000,384.000000,0.000000,0.000000,0.000000,3.000000
162.000000,210.000000,973.000000,332.000000,0.000000,0.000000,0.000000,3.000000
964.000000,394.000000,966.000000,311.000000,0.000000,0.000000,0.000000,3.000000
702.000000,483.000000,969.000000,329.000000,0.000000,0.000000,0.000000,3.000000
236.000000,425.000000,231.000000,632.000000,0.000000,0.000000,0.000000,3.000000
337.000000,637.000000,224.000000,631.000000,0.000000,0.000000,0.000000,3.000000
332.000000,642.000000,344.000000,437.000000,0.000000,0.000000,0.000000,3.000000
492.000000,641.000000,496.000000,548.000000,0.000000,0.000000,0.000000,3.000000
489.000000,552.000000,646.000000,568.000000,0.000000,0.000000,0.000000,3.000000
641.000000,564.000000,633.000000,656.000000,0.000000,0.000000,0.000000,3.000000
638.000000,653.000000,486.000000,637.000000,0.000000,0.000000,0.000000,3.000000
541.000000,635.000000,559.000000,672.000000,0.000000,0.000000,0.000000,3.000000
552.000000,672.000000,582.000000,641.000000,0.000000,0.000000,0.000000,3.000000
489.000000,589.000000,511.000000,624.000000,0.000000,0.000000,0.000000,3.000000
504.000000,624.000000,526.000000,599.000000,0.000000,0.000000,0.000000,3.000000
521.000000,599.000000,552.000000,633.000000,0.000000,0.000000,0.000000,3.000000
545.000000,633.000000,589.000000,595.000000,0.000000,0.000000,0.000000,3.000000
580.000000,598.000000,613.000000,630.000000,0.000000,0.000000,0.000000,3.000000
607.000000,630.000000,641.000000,603.000000,0.000000,0.000000,0.000000,3.000000
561.000000,614.000000,582.000000,628.000000,1.000000,1.000000,0.000000,2.000000
576.000000,626.000000,601.000000,612.000000,1.000000,1.000000,0.000000,2.000000
490.000000,577.000000,546.000000,555.000000,0.478000,0.639000,0.800000,2.000000
492.000000,586.000000,598.000000,560.000000,0.478000,0.639000,0.800000,2.000000
730.000000,520.000000,950.000000,401.000000,0.145000,0.074500,0.000000,2.000000
948.000000,409.000000,805.000000,352.000000,0.145000,0.074500,0.000000,2.000000
739.000000,521.000000,611.000000,494.000000,0.145000,0.074500,0.000000,2.000000
822.000000,356.000000,617.000000,503.000000,0.145000,0.074500,0.000000,2.000000
793.000000,384.000000,796.000000,324.000000,0.200000,0.100000,0.000000,10.000000
920.000000,412.000000,926.000000,343.000000,0.200000,0.100000,0.000000,10.000000
642.000000,492.000000,645.000000,450.000000,0.200000,0.100000,0.000000,10.000000
363.000000,392.000000,517.000000,422.000000,0.000000,0.000000,0.000000,2.000000
364.000000,397.000000,418.000000,354.000000,0.000000,0.000000,0.000000,2.000000
408.000000,357.000000,551.000000,390.000000,0.000000,0.000000,0.000000,2.000000
549.000000,386.000000,505.000000,426.000000,0.000000,0.000000,0.000000,2.000000
538.000000,391.000000,542.000000,335.000000,0.200000,0.100000,0.000000,4.000000
506.000000,386.000000,507.000000,355.000000,0.200000,0.100000,0.000000,4.000000
414.000000,361.000000,417.000000,304.000000,0.200000,0.100000,0.000000,4.000000
374.000000,392.000000,376.000000,334.000000,0.200000,0.100000,0.000000,4.000000
278.000000,420.000000,286.000000,427.000000,0.000000,0.000000,0.000000,2.000000
276.000000,422.000000,296.000000,363.000000,0.000000,0.000000,0.000000,2.000000
283.000000,428.000000,304.000000,373.000000,0.000000,0.000000,0.000000,2.000000
292.000000,363.000000,306.000000,379.000000,0.000000,0.000000,0.000000,2.000000
297.000000,378.000000,347.000000,389.000000,0.000000,0.000000,0.000000,2.000000
344.000000,393.000000,350.000000,378.000000,0.000000,0.000000,0.000000,2.000000
352.000000,381.000000,294.000000,368.000000,0.000000,0.000000,0.000000,2.000000
346.000000,379.000000,352.000000,332.000000,0.000000,0.000000,0.000000,2.000000
301.000000,371.000000,287.000000,324.000000,0.000000,0.000000,0.000000,2.000000
340.000000,381.000000,343.000000,351.000000,0.000000,0.000000,0.000000,2.000000
306.000000,375.000000,298.000000,342.000000,0.000000,0.000000,0.000000,2.000000
688.000000,489.000000,835.000000,406.000000,1.000000,1.000000,1.000000,10.000000
711.000000,480.000000,707.000000,504.000000,1.000000,1.000000,1.000000,10.000000
706.000000,470.000000,683.000000,476.000000,1.000000,1.000000,1.000000,10.000000
688.000000,474.000000,670.000000,476.000000,1.000000,1.000000,1.000000,10.000000
833.000000,411.000000,866.000000,389.000000,1.000000,1.000000,1.000000,10.000000
813.000000,380.000000,794.000000,386.000000,1.000000,1.000000,1.000000,10.000000
896.000000,410.000000,920.000000,410.000000,1.000000,1.000000,1.000000,10.000000
892.000000,406.000000,918.000000,410.000000,1.000000,1.000000,1.000000,10.000000
682.000000,467.000000,646.000000,492.000000,1.000000,1.000000,1.000000,10.000000
688.000000,488.000000,709.000000,481.000000,0.300000,0.720000,0.720000,5.000000
702.000000,481.000000,725.000000,468.000000,0.300000,0.720000,0.720000,5.000000
725.000000,469.000000,744.000000,460.000000,0.300000,0.720000,0.720000,5.000000
745.000000,456.000000,762.000000,447.000000,0.300000,0.720000,0.720000,5.000000
759.000000,450.000000,781.000000,436.000000,0.300000,0.720000,0.720000,5.000000
782.000000,437.000000,805.000000,423.000000,0.300000,0.720000,0.720000,5.000000
798.000000,427.000000,824.000000,413.000000,0.300000,0.720000,0.720000,5.000000
827.000000,412.000000,857.000000,391.000000,0.300000,0.720000,0.720000,5.000000
851.000000,397.000000,872.000000,385.000000,0.300000,0.720000,0.720000,5.000000
707.000000,467.000000,710.000000,471.000000,0.300000,0.720000,0.720000,5.000000
707.000000,473.000000,709.000000,472.000000,0.300000,0.720000,0.720000,5.000000
708.000000,472.000000,711.000000,477.000000,0.300000,0.720000,0.720000,5.000000
707.000000,491.000000,709.000000,481.000000,0.300000,0.720000,0.720000,5.000000
709.000000,490.000000,709.000000,494.000000,0.300000,0.720000,0.720000,5.000000
709.000000,495.000000,709.000000,503.000000,0.300000,0.720000,0.720000,5.000000
709.000000,499.000000,710.000000,508.000000,0.300000,0.720000,0.720000,5.000000
706.000000,477.000000,691.000000,476.000000,0.300000,0.720000,0.720000,5.000000
697.000000,475.000000,677.000000,473.000000,0.300000,0.720000,0.720000,5.000000
685.000000,475.000000,669.000000,473.000000,0.300000,0.720000,0.720000,5.000000
914.000000,409.000000,921.000000,409.000000,0.300000,0.720000,0.720000,5.000000
921.000000,405.000000,869.000000,413.000000,0.300000,0.720000,0.720000,5.000000
678.000000,468.000000,644.000000,489.000000,0.300000,0.720000,0.720000,5.000000
346.000000,379.000000,352.000000,333.000000,0.000000,0.000000,0.000000,5.000000
338.000000,377.000000,340.000000,352.000000,0.000000,0.000000,0.000000,5.000000
298.000000,368.000000,286.000000,324.000000,0.000000,0.000000,0.000000,5.000000
306.000000,369.000000,299.000000,344.000000,0.000000,0.000000,0.000000,5.000000
295.000000,367.000000,348.000000,380.000000,0.000000,0.000000,0.000000,5.000000
296.000000,367.000000,277.000000,417.000000,0.000000,0.000000,0.000000,5.000000
277.000000,417.000000,284.000000,424.000000,0.000000,0.000000,0.000000,5.000000
284.000000,423.000000,303.000000,380.000000,0.000000,0.000000,0.000000,5.000000
301.000000,382.000000,344.000000,388.000000,0.000000,0.000000,0.000000,5.000000
347.000000,379.000000,345.000000,386.000000,0.000000,0.000000,0.000000,5.000000
370.000000,392.000000,412.000000,358.000000,0.000000,0.000000,0.000000,5.000000
409.000000,359.000000,546.000000,388.000000,0.000000,0.000000,0.000000,5.000000
545.000000,389.000000,512.000000,421.000000,0.000000,0.000000,0.000000,5.000000
512.000000,421.000000,371.000000,392.000000,0.000000,0.000000,0.000000,5.000000
538.000000,383.000000,542.000000,338.000000,0.000000,0.000000,0.000000,5.000000
505.000000,378.000000,505.000000,356.000000,0.000000,0.000000,0.000000,5.000000
413.000000,357.000000,416.000000,307.000000,0.000000,0.000000,0.000000,5.000000
374.000000,387.000000,375.000000,344.000000,0.000000,0.000000,0.000000,5.000000
794.000000,375.000000,797.000000,329.000000,0.000000,0.000000,0.000000,8.000000
920.000000,396.000000,923.000000,342.000000,0.000000,0.000000,0.000000,8.000000
645.000000,478.000000,644.000000,437.000000,0.000000,0.000000,0.000000,8.000000
666.000000,485.000000,729.000000,504.000000,0.000000,0.000000,0.000000,2.000000
727.000000,504.000000,747.000000,486.000000,0.000000,0.000000,0.000000,2.000000
668.000000,488.000000,693.000000,467.000000,0.000000,0.000000,0.000000,2.000000
690.000000,467.000000,748.000000,488.000000,0.000000,0.000000,0.000000,2.000000
709.000000,492.000000,706.000000,491.000000,0.800000,0.000000,0.000000,4.000000
716.000000,494.000000,705.000000,492.000000,0.800000,0.000000,0.000000,4.000000
693.000000,476.000000,722.000000,488.000000,0.800000,0.000000,0.000000,4.000000
699.000000,475.000000,720.000000,481.000000,0.800000,0.000000,0.000000,4.000000
693.000000,473.000000,685.000000,478.000000,0.800000,0.000000,0.000000,4.000000
626.000000,497.000000,733.000000,519.000000,0.000000,0.000000,0.000000,2.000000
731.000000,520.000000,940.000000,405.000000,0.000000,0.000000,0.000000,2.000000
940.000000,405.000000,819.000000,357.000000,0.000000,0.000000,0.000000,2.000000
819.000000,357.000000,626.000000,495.000000,0.000000,0.000000,0.000000,2.000000
491.000000,637.000000,496.000000,553.000000,0.000000,0.000000,0.000000,2.000000
497.000000,553.000000,641.000000,567.000000,0.000000,0.000000,0.000000,2.000000
641.000000,567.000000,633.000000,652.000000,0.000000,0.000000,0.000000,2.000000
633.000000,652.000000,492.000000,637.000000,0.000000,0.000000,0.000000,2.000000
541.000000,636.000000,559.000000,671.000000,0.000000,0.000000,0.000000,2.000000
553.000000,670.000000,582.000000,640.000000,0.000000,0.000000,0.000000,2.000000
230.000000,630.000000,236.000000,429.000000,0.000000,0.000000,0.000000,2.000000
229.000000,630.000000,331.000000,636.000000,0.000000,0.000000,0.000000,2.000000
331.000000,638.000000,344.000000,440.000000,0.000000,0.000000,0.000000,2.000000
610.000000,488.000000,627.000000,515.000000,1.000000,1.000000,0.810000,5.000000
946.000000,418.000000,944.000000,398.000000,1.000000,1.000000,0.810000,5.000000
948.000000,390.000000,951.000000,411.000000,1.000000,1.000000,0.810000,5.000000
348.000000,639.000000,327.000000,644.000000,1.000000,1.000000,0.810000,5.000000
609.000000,493.000000,635.000000,506.000000,1.000000,1.000000,0.810000,5.000000
616.000000,489.000000,629.000000,505.000000,1.000000,1.000000,0.810000,5.000000
487.000000,641.000000,492.000000,544.000000,1.000000,1.000000,0.810000,5.000000
684.000000,727.000000,754.000000,732.000000,1.000000,1.000000,1.000000,5.000000
694.000000,732.000000,671.000000,731.000000,1.000000,1.000000,1.000000,5.000000
737.000000,731.000000,688.000000,728.000000,1.000000,1.000000,1.000000,5.000000
731.000000,728.000000,696.000000,725.000000,1.000000,1.000000,1.000000,5.000000
29.000000,720.000000,11.000000,695.000000,1.000000,1.000000,1.000000,5.000000
963.000000,280.000000,967.000000,323.000000,1.000000,1.000000,1.000000,5.000000
177.000000,188.000000,172.000000,204.000000,1.000000,1.000000,1.000000,5.000000
177.000000,190.000000,162.000000,210.000000,1.000000,1.000000,1.000000,5.000000
990.000000,660.000000,955.000000,676.000000,1.000000,1.000000,1.000000,5.000000
4
4,0.000000,0.000000,0.000000,3.000000
239.000000,622.000000
242.000000,558.000000
326.000000,571.000000
321.000000,624.000000
4,0.000000,0.000000,0.000000,3.000000
242.000000,525.000000
244.000000,452.000000
333.000000,462.000000
326.000000,528.000000
4,0.000000,0.000000,0.000000,3.000000
310.000000,558.000000
310.000000,545.000000
324.000000,546.000000
323.000000,559.000000
7,0.000000,0.000000,0.000000,8.000000
407.000000,529.000000
508.000000,516.000000
419.000000,474.000000
644.000000,481.000000
646.000000,431.000000
643.000000,482.000000
645.000000,442.000000
20
531.000000,571.000000
585.000000,612.000000
284.000000,484.000000
291.000000,587.000000
268.000000,539.000000
316.000000,553.000000
603.000000,590.000000
504.000000,564.000000
575.000000,633.000000
462.000000,382.000000
288.000000,393.000000
329.000000,380.000000
745.000000,463.000000
102.000000,508.000000
830.000000,604.000000
381.000000,665.000000
560.000000,652.000000
905.000000,383.000000
264.000000,270.000000
707.000000,483.000000
21
0.400000,0.800000,1.000000
1.000000,1.000000,0.000000
0.360000,0.180000,0.000000
0.360000,0.180000,0.000000
0.513700,0.349000,0.188000
0.900000,0.900000,0.770000
0.900000,0.900000,0.770000
0.900000,0.900000,0.770000
1.000000,0.800000,0.500000
0.760000,0.760000,0.670000
0.760000,0.760000,0.670000
0.760000,0.760000,0.670000
0.300000,0.720000,0.720000
1.000000,1.000000,0.810000
1.000000,1.000000,0.810000
1.000000,1.000000,0.810000
1.000000,1.000000,0.810000
1.000000,1.000000,0.810000
1.000000,1.000000,1.000000
0.230000,0.230000,0.160000
0.800000,0.000000,0.000000
